cov_matrix,num_gauss,states,log_prob
lr,1,3,23797657.754813448
lr,2,3,23693274.6088925
lr,3,3,23548454.859377045
lr,4,3,23525089.60861339
lr,5,3,23527222.3843598
lr,6,3,23369800.293646343
ergodic,1,3,23646776.524438687
ergodic,2,3,23421076.7041302
ergodic,3,3,23325369.782072846
ergodic,4,3,23325103.85212322
ergodic,5,3,23298564.297985118
ergodic,6,3,23234422.89001795
lr,1,4,23796834.62528037
lr,2,4,23696371.28847392
lr,3,4,23530115.04069947
lr,4,4,23603616.225508057
lr,5,4,23368134.96247712
lr,6,4,23415688.5245668
ergodic,1,4,23550819.2816024
ergodic,2,4,23399387.04667095
ergodic,3,4,23314060.78094682
ergodic,4,4,23231734.820828114
ergodic,5,4,23110988.011719838
ergodic,6,4,23023488.527688723
lr,1,5,23793758.82151071
lr,2,5,23728842.65857854
lr,3,5,23545557.430962678
lr,4,5,23465443.101664186
lr,5,5,23443798.988625243
lr,6,5,23340020.231082033
ergodic,1,5,23508026.880489558
ergodic,2,5,23352025.47419762
ergodic,3,5,23297301.928897876
ergodic,4,5,23145049.911676027
ergodic,5,5,23041929.01384116
ergodic,6,5,22866092.578302126
lr,1,6,23792529.1765134
lr,2,6,23655197.577403296
lr,3,6,23545830.674060646
lr,4,6,23450535.410350326
lr,5,6,23424486.922961146
lr,6,6,23395063.492141955
ergodic,1,6,23471427.9683983
ergodic,2,6,23264746.954405557
ergodic,3,6,23108504.21147161
ergodic,4,6,23039722.494591027
ergodic,5,6,22903770.686097506
ergodic,6,6,22803360.020810135
lr,1,7,23798524.140466098
lr,2,7,23666552.533369523
lr,3,7,23543166.26827927
lr,4,7,23468646.118263837
lr,5,7,23462892.29663845
lr,6,7,23348706.70421506
ergodic,1,7,23437537.21586555
ergodic,2,7,23237138.82723763
ergodic,3,7,23087236.61140548
ergodic,4,7,23052885.04824055
ergodic,5,7,22928796.848350752
ergodic,6,7,22797135.1261404
lr,1,8,23793226.202212002
lr,2,8,23622814.00117298
lr,3,8,23571139.119869962
lr,4,8,23545008.428453654
lr,5,8,23458591.047347076
lr,6,8,23419091.255030766
ergodic,1,8,23431080.08672642
ergodic,2,8,23161890.618049916
ergodic,3,8,23016685.568482786
ergodic,4,8,22865596.04597605
ergodic,5,8,22814668.054544695
ergodic,6,8,22777359.54054587
lr,1,9,23791220.287177756
lr,2,9,23688293.259310298
lr,3,9,23499752.747903306
lr,4,9,23474179.413410828
lr,5,9,23388274.031347245
lr,6,9,23355315.78269878
ergodic,1,9,23450274.355416596
ergodic,2,9,23138917.258600477
ergodic,3,9,23080465.398239218
ergodic,4,9,22847369.84809142
ergodic,5,9,22720387.336030856
ergodic,6,9,22771513.897776857
lr,1,10,23792237.43901475
lr,2,10,23612662.183346156
lr,3,10,23580302.172946963
lr,4,10,23536336.80935821
lr,5,10,23428416.519475836
lr,6,10,23353999.670869086
ergodic,1,10,23443687.592947092
ergodic,2,10,23084776.902913112
ergodic,3,10,22982277.775899217
ergodic,4,10,22759307.84032605
ergodic,5,10,22633336.687064756
ergodic,6,10,22536560.66353477
lr,1,11,23792450.932744175
lr,2,11,23674230.228568748
lr,3,11,23459157.33240986
lr,4,11,23469710.615062583
lr,5,11,23377062.433960922
lr,6,11,23426877.912590712
ergodic,1,11,23419043.655640952
ergodic,2,11,23022674.72936782
ergodic,3,11,22876930.919300187
ergodic,4,11,22727151.92598189
ergodic,5,11,22643099.522360038
ergodic,6,11,22636656.955694918
lr,1,12,23790735.938603938
lr,2,12,23630483.22870083
lr,3,12,23506411.18774455
lr,4,12,23477235.36464387
lr,5,12,23402375.288433645
lr,6,12,23429326.06998555
ergodic,1,12,23232445.72826917
ergodic,2,12,23053934.430909228
ergodic,3,12,22878405.61105234
ergodic,4,12,22642956.55040754
ergodic,5,12,22571965.863752134
ergodic,6,12,22562763.337179903
lr,1,13,23787337.52027829
lr,2,13,23604606.05301539
lr,3,13,23591160.208169598
lr,4,13,23400755.16533543
lr,5,13,23556691.376043785
lr,6,13,23360521.15144282
ergodic,1,13,23304015.9597837
ergodic,2,13,22939736.85845065
ergodic,3,13,22736072.65220407
ergodic,4,13,22642469.670417544
ergodic,5,13,22447635.590255562
ergodic,6,13,22502452.30389358
lr,1,14,23796905.117326293
lr,2,14,23740875.605333414
lr,3,14,23598053.366148714
lr,4,14,23458114.380524073
lr,5,14,23488668.095692776
lr,6,14,23410512.86127996
ergodic,1,14,23315179.89421944
ergodic,2,14,22847955.386404682
ergodic,3,14,22633653.081945814
ergodic,4,14,22526373.034251727
ergodic,5,14,22383689.466305323
ergodic,6,14,22840466.98250086
lr,1,15,23794415.754824236
lr,2,15,23588737.81279016
lr,3,15,23535553.111032415
lr,4,15,23530678.431711607
lr,5,15,23426755.552341364
lr,6,15,23412634.873061195
ergodic,1,15,23284831.12877792
ergodic,2,15,22855482.549874075
ergodic,3,15,22643682.878571212
ergodic,4,15,22481962.20042486
ergodic,5,15,22460502.922219276
ergodic,6,15,22440159.811791196
lr,1,16,23788607.96558013
lr,2,16,23623354.705630857
lr,3,16,23582546.679473225
lr,4,16,23444566.45790651
lr,5,16,23384366.94971466
lr,6,16,23447569.898228727
ergodic,1,16,23164558.861495905
ergodic,2,16,22818941.864789117
ergodic,3,16,22592221.28226577
ergodic,4,16,22627891.74306878
ergodic,5,16,22427361.566743877
ergodic,6,16,22328547.757324573
lr,1,17,23790540.055937104
lr,2,17,23688305.374568813
lr,3,17,23558407.413036134
lr,4,17,23508793.82936125
lr,5,17,23168337.253369816
lr,6,17,23460397.423828293
ergodic,1,17,23167463.152358133
ergodic,2,17,22931371.107357007
ergodic,3,17,22767234.995761175
ergodic,4,17,22409164.90160779
ergodic,5,17,22393373.584775798
ergodic,6,17,22328640.911655717
